1
2
3
4
5
6
7
8
39
31001
31002
31003
31004
31005
31006
31007
31008
31009
31010
31011
31012
31013
31014
31015
31016
31017
31018
31019
31020
31021
31022
31023
31024
31025
31026
31027
31028
31029
31030
31031
32001
32002
32003
32004
32005
32006
32007
32008
32009
32010
32011
32012
32013
32014
32015
32016
32017
32018
33001
33002
33003
33004
33005
33006
33007
33008
33010
33011
33012
34001
34002
34003
34004
34005
34006
34007
34008
34009
34011
34012
34013
34014
34015
34016
35001
35002
35003
35004
35006
35007
35008
35009
35010
35011
35012
35013
35014
35015
35016
35017
35018
35019
35020
35021
35022
35023
36001
36002
36003
36004
36005
36007
36008
36009
36010
36012
36013
36015
36016
36017
36018
36019
36020
36021
37001
37002
37003
37004
37005
37006
37007
37008
37009
37010
37011
37012
37013
37014
38001
38002
38003
38004
38005
38006
38007
38008
38009
38010
38011
38012
38013
38016
38017
38018
38019
38020
38021
38022
38023
38024